id,category
1,0
2,0
3,1
4,0
5,0
6,1
7,1
8,0
9,1
10,1
11,1
12,0
13,0
14,1
15,0
16,1
17,1
18,0
19,1
20,1
21,0
22,1
23,1
24,1
25,0
26,1
27,1
28,0
29,0
30,0
31,0
32,0
33,0
34,0
35,0
36,1
37,0
38,1
39,1
40,1
41,1
42,1
43,1
44,1
45,0
46,0
47,1
48,0
49,1
50,1
51,0
52,1
53,1
54,1
55,0
56,1
57,1
58,1
59,1
60,1
61,1
62,0
63,0
64,0
65,0
66,1
67,1
68,0
69,1
70,1
71,1
72,1
73,1
74,1
75,1
76,1
77,0
78,1
79,0
80,1
81,1
82,1
83,0
84,0
85,0
86,0
87,0
88,0
89,0
90,0
91,1
92,0
93,0
94,0
95,1
96,0
97,1
98,0
99,0
100,0
101,0
102,0
103,0
104,0
105,1
106,1
107,1
108,1